Webots Project File version R2020b
perspectives: 000000ff00000000fd00000003000000000000000000000000fc0100000002fc00000000ffffffff0000000000fffffffc0200000001fb00000012005300630065006e0065005400720065006501000000150000030d0000000000000000fb0000001a0044006f00630075006d0065006e0074006100740069006f006e0000000000ffffffff0000006900ffffff00000001000001ce0000030cfc0200000001fb0000001400540065007800740045006400690074006f007200000000150000030c0000008700ffffff0000000300000781000000d6fc0100000002fb0000000e0043006f006e0073006f006c006501000000000000073f0000000000000000fb0000001a0043006f006e0073006f006c00650041006c006c0041006c006c0100000000000007810000006900ffffff000007810000031400000004000000040000000100000008fc00000000
simulationViewPerspectives: 000000ff000000010000000200000000000002950100000002010000000101
sceneTreePerspectives: 000000ff0000000100000002000000c0000001120100000002010000000201
maximizedDockId: -1
centralWidgetVisible: 1
orthographicViewHeight: 1
textFiles: -1
consoles: Console:All:All
renderingDevicePerspectives: NAO:CameraBottom;1;1;0.0438075;0.831724
renderingDevicePerspectives: NAO:CameraTop;1;1;0.0438075;0.0837912
