Webots Project File version R2018a
perspectives: 000000ff00000000fd00000003000000000000000000000000fc0100000002fc00000000ffffffff0000000000fffffffc0200000001fb00000012005300630065006e006500540072006500650100000019000003f10000000000000000fb0000001a0044006f00630075006d0065006e0074006100740069006f006e0000000000ffffffff0000005400ffffff00000001000001d6000002f1fc0200000001fb0000001400540065007800740045006400690074006f00720000000015000002f10000003e00ffffff0000000300000781000000f1fc0100000001fb0000000e0043006f006e0073006f006c00650100000000000007810000005400ffffff00000781000002f100000004000000040000000100000008fc00000000
simulationViewPerspectives: 000000ff00000001000000020000011b000008e00100000006010000000101
sceneTreePerspectives: 000000ff0000000100000002000000c0000001120100000006010000000201
maximizedDockId: -1
centralWidgetVisible: 1
orthographicViewHeight: 1
textFiles: -1
renderingDevicePerspectives: NAO:CameraTop;1;1;0.0508578;0.0889527
renderingDevicePerspectives: NAO:CameraBottom;1;1;0.0508578;0.912482
