Webots Project File version R2018a
perspectives: 000000ff00000000fd00000003000000000000013a0000030dfc0200000001fb00000012005300630065006e0065005400720065006501000000150000030d000000000000000000000001000001ce0000030cfc0200000001fb0000001400540065007800740045006400690074006f007200000000150000030c0000003e00ffffff000000030000073f000000d6fc0100000001fb0000000e0043006f006e0073006f006c006501000000000000073f0000005a00ffffff0000073f0000031500000004000000040000000100000008fc00000000
simulationViewPerspectives: 000000ff000000010000000200000000000002950100000006010000000101
sceneTreePerspectives: 000000ff0000000100000002000000c0000001120100000006010000000201
minimizedPerspectives: 
maximizedDockId: -1
centralWidgetVisible: 1
orthographicViewHeight: 1
textFiles: -1
renderingDevicePerspectives: NAO:CameraTop;1;1;0.0438075;0.0837912
renderingDevicePerspectives: NAO:CameraBottom;1;1;0.0438075;0.916209
